iter	 test_squ_loss	 test_avg_prec	 train_squ_loss	 train_avg_prec	 regularization	 time (in s)
1 	 14.8483503 	 0.05214476 	 293.01929548 	 6.404e-05 	 120.082 	 56.77448034
1001 	 10.55353011 	 0.48177438 	 0.79167471 	 0.51571332 	 156.272 	 374.29868388
2001 	 10.15868005 	 0.51451037 	 0.25145712 	 0.55771168 	 177.298 	 366.66045713
3001 	 9.72502432 	 0.53347562 	 0.23666356 	 0.57402112 	 187.734 	 370.59783053
4001 	 9.28989438 	 0.54200476 	 1.64312439 	 0.56492151 	 195.265 	 379.88059568
5001 	 8.87510997 	 0.55970453 	 1.37918593 	 0.57675841 	 202.804 	 366.5120213
6001 	 8.51579045 	 0.57234657 	 1.04332964 	 0.58316633 	 212.341 	 370.95051265
7001 	 8.31280284 	 0.5718036 	 1.13941982 	 0.59475265 	 222.038 	 374.13165307
8001 	 8.12236274 	 0.57702188 	 1.00269647 	 0.60345158 	 233.233 	 363.77077055
9001 	 7.9988733 	 0.5826063 	 0.65682999 	 0.6069914 	 244.008 	 364.04469872
10001 	 7.8652574 	 0.5868677 	 0.4831965 	 0.60140004 	 256.134 	 365.12619734
11001 	 7.80746372 	 0.58880258 	 0.32539471 	 0.61901315 	 267.176 	 360.91429734
12001 	 7.70545116 	 0.5945633 	 0.27632748 	 0.60928128 	 280.148 	 368.23973083
13001 	 7.6654553 	 0.59593792 	 0.23995703 	 0.61991669 	 292.48 	 366.01400518
14001 	 7.59932938 	 0.60341449 	 0.18403562 	 0.61235567 	 306.062 	 365.10353565
15001 	 7.60682715 	 0.60192619 	 0.17059073 	 0.62634181 	 318.596 	 367.66757369
16001 	 7.56622479 	 0.60095024 	 0.22709167 	 0.62148863 	 331.362 	 367.88942361
17001 	 7.56298633 	 0.60288302 	 0.17459484 	 0.64194766 	 344.075 	 372.14199662
18001 	 7.52318726 	 0.60620879 	 0.14045641 	 0.63664655 	 357.283 	 360.37861466
19001 	 7.51837057 	 0.60565821 	 0.201661 	 0.62564678 	 372.007 	 358.79700899
20001 	 7.5210727 	 0.60545858 	 0.23211754 	 0.62472336 	 386.776 	 357.47548699
21001 	 7.50796179 	 0.60613112 	 0.51817969 	 0.6286808 	 402.274 	 365.37303281
22001 	 7.43901473 	 0.61277818 	 0.1962381 	 0.63097463 	 419.003 	 355.81512499
23001 	 7.48560461 	 0.60696353 	 0.11594734 	 0.63271559 	 435.888 	 368.05757165
24001 	 7.44045293 	 0.60905983 	 0.30587302 	 0.63575984 	 451.92 	 361.54980803
25001 	 7.39835061 	 0.61488129 	 0.31914987 	 0.62597591 	 468.837 	 360.29274845
26001 	 7.38756215 	 0.61355566 	 0.24298778 	 0.63431025 	 484.727 	 365.84747148
27001 	 7.41191119 	 0.6121047 	 0.26509587 	 0.64541809 	 501.731 	 352.92001414
28001 	 7.46004029 	 0.609481 	 0.1335301 	 0.63788645 	 517.295 	 353.30144
29001 	 7.38492943 	 0.613566 	 0.17904134 	 0.65233277 	 534.4 	 354.51410484
30001 	 7.35774703 	 0.61744915 	 0.1745198 	 0.64396516 	 550.382 	 356.78664327
31001 	 7.33946259 	 0.61837416 	 0.19164315 	 0.65878557 	 566.002 	 351.77482152
32001 	 7.38201251 	 0.61616455 	 0.25752925 	 0.63702502 	 582.518 	 357.45739388
33001 	 7.39212116 	 0.61434728 	 0.19940702 	 0.65324199 	 597.961 	 353.04386091
34001 	 7.36401817 	 0.61732516 	 0.23747785 	 0.6466403 	 613.686 	 355.00751209
35001 	 7.32479371 	 0.61938172 	 0.23052596 	 0.66989655 	 628.42 	 353.94989181
36001 	 7.30896208 	 0.62158552 	 0.23739298 	 0.64373529 	 642.956 	 355.77000427
37001 	 7.30743259 	 0.62134365 	 0.13534561 	 0.65192289 	 657.413 	 355.59476781
38001 	 7.35796701 	 0.61926427 	 0.16599999 	 0.65751449 	 673.112 	 356.57165909
39001 	 7.29818294 	 0.62153874 	 0.20617852 	 0.65353964 	 688.939 	 354.16775012
40001 	 7.31309304 	 0.61846216 	 0.18445973 	 0.67383218 	 704.469 	 363.22778177
41001 	 7.30664028 	 0.61957918 	 0.19342778 	 0.66890523 	 718.533 	 359.09797239
42001 	 7.30780221 	 0.62055194 	 0.24002604 	 0.64291874 	 732.432 	 356.33454704
43001 	 7.28268625 	 0.62327416 	 0.20670404 	 0.66576116 	 749.314 	 359.17861152
44001 	 7.23760863 	 0.6266059 	 0.3194528 	 0.67804472 	 762.656 	 368.22047734
45001 	 7.24045436 	 0.62515174 	 0.11591755 	 0.65929539 	 777.718 	 355.78431535
46001 	 7.30580763 	 0.6173986 	 0.40763721 	 0.66409083 	 792.567 	 361.80463791
47001 	 7.30984545 	 0.61882421 	 0.18792419 	 0.66474606 	 807.646 	 359.26345372
48001 	 7.32696602 	 0.61530533 	 0.18330064 	 0.6748736 	 822.487 	 357.95782542
49001 	 7.24550792 	 0.62455782 	 0.25822804 	 0.66261126 	 837.761 	 359.9332037
50001 	 7.25623836 	 0.62439854 	 0.16611295 	 0.66288697 	 851.133 	 358.02015638
51001 	 7.18841705 	 0.6301524 	 0.16306715 	 0.68108473 	 865.98 	 369.93572211
52001 	 7.23149825 	 0.62579472 	 0.17112013 	 0.66228946 	 880.556 	 360.07452273
53001 	 7.25708554 	 0.62599596 	 0.20089079 	 0.67484528 	 893.64 	 357.21998811
54001 	 7.22580031 	 0.62779359 	 0.13569589 	 0.66657003 	 909.631 	 362.68467498
55001 	 7.2661294 	 0.62387279 	 0.53136703 	 0.67013552 	 923.676 	 351.86618924
56001 	 7.27054535 	 0.62415181 	 0.15537727 	 0.6965311 	 938.047 	 357.15218186
57001 	 7.2518828 	 0.62487087 	 0.12573878 	 0.67953444 	 953.077 	 357.41564655
58001 	 7.2031187 	 0.62934828 	 0.24102361 	 0.68320503 	 967.771 	 357.49238586
59001 	 7.21623553 	 0.62757527 	 0.19626848 	 0.67800049 	 981.571 	 360.96212983
60001 	 7.24301128 	 0.62791988 	 0.27676801 	 0.69591976 	 993.456 	 357.43280673
61001 	 7.20327814 	 0.62717968 	 0.15807947 	 0.69666146 	 1008.53 	 360.83653998
62001 	 7.20471321 	 0.62767553 	 0.19115602 	 0.68292531 	 1021.44 	 358.71006322
63001 	 7.20220005 	 0.62890761 	 0.22709875 	 0.69005034 	 1037.26 	 361.55139017
64001 	 7.21221453 	 0.62855928 	 0.23535029 	 0.6852174 	 1051.27 	 360.43798184
65001 	 7.189383 	 0.62979592 	 0.4094701 	 0.67807138 	 1064.65 	 360.57268381
66001 	 7.18175739 	 0.6289202 	 0.17006676 	 0.69001015 	 1079.09 	 354.25973988
67001 	 7.21280979 	 0.6277735 	 0.12948334 	 0.68922844 	 1092.18 	 356.07523417
68001 	 7.12928725 	 0.63431677 	 0.16952533 	 0.6940807 	 1105.89 	 354.36407876
69001 	 7.15447463 	 0.63259774 	 0.29799209 	 0.68914845 	 1119.92 	 356.4272809
70001 	 7.13895452 	 0.63401131 	 0.14065197 	 0.70680919 	 1133.68 	 359.26576042
71001 	 7.16983879 	 0.63113436 	 0.12833405 	 0.69432838 	 1148.48 	 354.037745
72001 	 7.16008521 	 0.63195124 	 0.12972685 	 0.69422283 	 1162.19 	 353.56220412
73001 	 7.21279116 	 0.62654429 	 0.1102088 	 0.70497847 	 1177.08 	 356.61210752
74001 	 7.19635851 	 0.62802077 	 0.24129184 	 0.702011 	 1188.84 	 352.27548146
75001 	 7.17178733 	 0.63181091 	 0.11656336 	 0.71278199 	 1201.76 	 353.67642021
76001 	 7.16655917 	 0.63088413 	 0.19329684 	 0.70671552 	 1215.53 	 355.94256926
77001 	 7.13989681 	 0.63359304 	 0.15287715 	 0.7036948 	 1229.36 	 359.21173263
78001 	 7.23543224 	 0.62917909 	 0.1849143 	 0.69531359 	 1244.05 	 351.89515877
79001 	 7.18926098 	 0.63065765 	 0.22218781 	 0.69007432 	 1258.3 	 351.18241
80001 	 7.20711941 	 0.62642318 	 0.22425702 	 0.69173442 	 1269.5 	 357.90612555
81001 	 7.16225475 	 0.63271389 	 0.14633969 	 0.70267989 	 1282.47 	 359.23172402
82001 	 7.16486707 	 0.6298358 	 0.11553336 	 0.70604352 	 1297.86 	 357.43857574
83001 	 7.16323011 	 0.63176636 	 0.16469597 	 0.71416088 	 1312.71 	 357.60084963
84001 	 7.22229528 	 0.62804588 	 0.22839503 	 0.71233295 	 1324.84 	 358.80164075
85001 	 7.1935489 	 0.62957978 	 0.10593585 	 0.73492177 	 1339.7 	 356.86425853
86001 	 7.18561419 	 0.62612797 	 0.1622518 	 0.72580543 	 1352.91 	 353.22653627
87001 	 7.15901395 	 0.63030535 	 0.26458275 	 0.71111913 	 1367.22 	 352.56197786
88001 	 7.14307879 	 0.6320245 	 0.12020226 	 0.71188925 	 1378.82 	 355.75609326
89001 	 7.16488096 	 0.62996694 	 0.08639631 	 0.72328659 	 1393.5 	 355.38118339
90001 	 7.22278854 	 0.62555254 	 0.21986151 	 0.72981008 	 1408.52 	 353.71410537
91001 	 7.21135023 	 0.62704613 	 0.12621758 	 0.71114296 	 1422.79 	 355.5249095
92001 	 7.12784802 	 0.63554257 	 1.0014278 	 0.7184216 	 1437.17 	 359.33930421
93001 	 7.16225678 	 0.63138742 	 0.09778079 	 0.7174025 	 1447.69 	 359.40092492
94001 	 7.14775572 	 0.63114937 	 0.15666822 	 0.72733761 	 1462.65 	 355.31119251
95001 	 7.13058645 	 0.63183204 	 0.10655963 	 0.72769192 	 1476.12 	 363.26510119
96001 	 7.19264675 	 0.63100617 	 0.08049175 	 0.72015828 	 1490.55 	 355.9132719
97001 	 7.16836709 	 0.62898244 	 0.13427897 	 0.73143687 	 1503.77 	 355.65189362

98001 	 7.10279648 	 0.63594888 	 0.1152668 	 0.72142149 	 1517.67 	 354.1316793
99001 	 7.1575026 	 0.63041511 	 0.13640082 	 0.73334459 	 1531.06 	 357.32894802

TRAINING DONE

