iter	 test_squ_loss	 test_avg_prec	 train_squ_loss	 train_avg_prec	 regularization	 time (in s)
1 	 14.38968463 	 0.02072284 	 70.80240081 	 5.893e-05 	 85.4851 	 22.55240965
1001 	 11.06312075 	 0.41897491 	 0.75850112 	 0.43825585 	 82.5699 	 135.02152872
2001 	 10.56817024 	 0.4555927 	 0.21826766 	 0.44761115 	 87.435 	 136.72871494
3001 	 10.07678234 	 0.48514577 	 0.14148187 	 0.46518066 	 92.4878 	 140.37260008
4001 	 9.67121031 	 0.49896395 	 0.12202912 	 0.46794561 	 95.8945 	 140.13739562
5001 	 9.36125734 	 0.51051196 	 0.10897842 	 0.49577347 	 97.794 	 143.24140382
6001 	 9.09326695 	 0.51820467 	 0.100896 	 0.50315028 	 98.4048 	 143.90272808
7001 	 8.8715278 	 0.52626028 	 0.12307649 	 0.50561065 	 98.0656 	 141.39676785
8001 	 8.68676071 	 0.53214937 	 0.12067716 	 0.51335554 	 96.3582 	 143.10367823
9001 	 8.60153666 	 0.52972519 	 0.31890571 	 0.51497062 	 94.678 	 140.25143218
10001 	 8.46899311 	 0.5349164 	 0.35345458 	 0.51297953 	 93.1185 	 144.1163311
11001 	 8.35788115 	 0.54082496 	 0.38763707 	 0.52526194 	 91.7021 	 138.94707322
12001 	 8.31574645 	 0.54124595 	 0.42254991 	 0.52008082 	 90.5798 	 141.06903005
13001 	 8.23965266 	 0.54443237 	 0.35248621 	 0.5164758 	 89.5913 	 146.16913629
14001 	 8.15103679 	 0.54947943 	 0.18985604 	 0.53530536 	 89.2284 	 140.74038267
15001 	 8.15342437 	 0.5470647 	 0.15818947 	 0.53438828 	 88.8561 	 140.67866039
16001 	 8.08136077 	 0.55168654 	 0.13291103 	 0.53793373 	 88.8725 	 143.35381651
17001 	 8.05817126 	 0.55238932 	 0.10947242 	 0.53709371 	 88.7812 	 143.57651234
18001 	 8.04056243 	 0.55282223 	 0.10073035 	 0.53091964 	 88.9517 	 143.1047442
19001 	 8.01189955 	 0.55474523 	 0.10570961 	 0.52685721 	 89.3194 	 142.84890866
20001 	 7.97311717 	 0.55612449 	 0.10411098 	 0.53663853 	 89.7535 	 140.33177972
21001 	 7.93930212 	 0.56059543 	 0.10262185 	 0.53737851 	 90.1814 	 136.85476398
22001 	 7.93386219 	 0.55979614 	 0.09373703 	 0.54521808 	 90.692 	 141.11964273
23001 	 7.93870825 	 0.56004096 	 0.09440249 	 0.54304389 	 90.9784 	 140.70660138
24001 	 7.91368328 	 0.55929877 	 0.09418909 	 0.54267642 	 91.5514 	 142.69639134
25001 	 7.90074472 	 0.56056416 	 0.09861231 	 0.55949918 	 92.179 	 141.918154
26001 	 7.88171598 	 0.56166339 	 0.0996759 	 0.55118539 	 92.9308 	 140.55379653
27001 	 7.85156321 	 0.56483253 	 0.09344355 	 0.54053203 	 93.8544 	 146.64659524
28001 	 7.86284822 	 0.56367277 	 0.08961141 	 0.54516671 	 94.5249 	 150.26567578
29001 	 7.88948801 	 0.56326536 	 0.09924389 	 0.53435721 	 95.111 	 145.79008627
30001 	 7.89146066 	 0.56181633 	 0.09603244 	 0.5508442 	 96.0606 	 144.82250667
31001 	 7.84727959 	 0.56505705 	 0.09352992 	 0.54155553 	 96.3486 	 138.75234842
32001 	 7.87082452 	 0.56174728 	 0.09138015 	 0.55154059 	 97.0573 	 140.54635453
33001 	 7.85589877 	 0.5627251 	 0.09318857 	 0.5526941 	 97.7624 	 137.53585863
34001 	 7.83900669 	 0.56571239 	 0.08952015 	 0.550452 	 98.9504 	 139.78594375
35001 	 7.85295054 	 0.56402723 	 0.09058959 	 0.55375773 	 99.6294 	 140.84674931
36001 	 7.8205301 	 0.56532331 	 0.08919129 	 0.549922 	 100.141 	 139.69577503
37001 	 7.85021587 	 0.56494699 	 0.0944663 	 0.55768725 	 101.362 	 137.72988153
38001 	 7.82200365 	 0.56446739 	 0.09113233 	 0.56066151 	 102.034 	 140.11720586
39001 	 7.80328667 	 0.56682161 	 0.08805169 	 0.56412003 	 102.792 	 140.34052277
40001 	 7.82886526 	 0.56583306 	 0.09696958 	 0.56111584 	 103.168 	 138.56415057
41001 	 7.81638694 	 0.5662448 	 0.08815683 	 0.56941168 	 103.848 	 137.67369294
42001 	 7.7847035 	 0.56956108 	 0.08637987 	 0.56068892 	 104.797 	 140.71056342
43001 	 7.79960388 	 0.5668634 	 0.08869247 	 0.56132726 	 105.422 	 136.48277164
44001 	 7.77396714 	 0.5698658 	 0.08571011 	 0.55771975 	 106.278 	 140.86648989
45001 	 7.78578162 	 0.56865145 	 0.0857552 	 0.56408951 	 106.951 	 142.30219769
46001 	 7.77786842 	 0.56967441 	 0.08865604 	 0.55899526 	 108.087 	 139.26391554
47001 	 7.78948958 	 0.5697782 	 0.08873773 	 0.55029973 	 108.745 	 142.87542343
48001 	 7.78280228 	 0.56790119 	 0.0891523 	 0.55303707 	 109.547 	 139.98968792
49001 	 7.79556873 	 0.5701161 	 0.09122593 	 0.55685052 	 110.457 	 141.31895161
50001 	 7.76976035 	 0.5699596 	 0.08559571 	 0.56321962 	 110.916 	 139.10804701
51001 	 7.75325752 	 0.57039092 	 0.08641684 	 0.56749632 	 111.807 	 139.11786461
52001 	 7.75000867 	 0.57213039 	 0.08986953 	 0.55529088 	 112.633 	 138.82473016
53001 	 7.74352145 	 0.57214974 	 0.0904579 	 0.56391077 	 113.395 	 137.48718405
54001 	 7.74709093 	 0.57206786 	 0.08906455 	 0.56766249 	 114.429 	 137.36799407
55001 	 7.79676252 	 0.56775179 	 0.08569613 	 0.56793222 	 115.376 	 136.0287075
56001 	 7.74420067 	 0.57130615 	 0.08488782 	 0.5790469 	 116.08 	 138.48369908
57001 	 7.75375897 	 0.57210453 	 0.08961246 	 0.55852077 	 116.839 	 137.29391766
58001 	 7.73385586 	 0.57085514 	 0.0839229 	 0.56903322 	 117.326 	 140.37175632
59001 	 7.71857315 	 0.57273106 	 0.08524741 	 0.58064699 	 118.115 	 137.15050364
60001 	 7.74082985 	 0.57105639 	 0.08594887 	 0.56430065 	 119.078 	 136.25570941
61001 	 7.77653897 	 0.570112 	 0.08375756 	 0.57989046 	 120.212 	 135.22005558
62001 	 7.78116481 	 0.56979253 	 0.08800766 	 0.57498783 	 120.848 	 137.82881021
63001 	 7.73866964 	 0.57034957 	 0.08676953 	 0.56885901 	 121.874 	 138.80504942
64001 	 7.71867204 	 0.57450775 	 0.09529315 	 0.57690892 	 122.697 	 137.86619973
65001 	 7.73976612 	 0.57479463 	 0.08302266 	 0.56550974 	 123.596 	 137.50703454
66001 	 7.73866109 	 0.57405047 	 0.08310267 	 0.56690247 	 124.286 	 137.11861181
67001 	 7.69793135 	 0.57480509 	 0.08201977 	 0.57009673 	 125.18 	 138.47366285
68001 	 7.71885744 	 0.57412539 	 0.08370657 	 0.57157301 	 125.666 	 137.32944036
69001 	 7.75484329 	 0.57230196 	 0.09118365 	 0.58039541 	 126.704 	 136.41301847
70001 	 7.7176948 	 0.57266243 	 0.08326786 	 0.58092534 	 127.157 	 136.74037623
71001 	 7.71253064 	 0.5750016 	 0.08067714 	 0.5677473 	 128.118 	 137.08519888
72001 	 7.72367563 	 0.57300434 	 0.08308929 	 0.56365331 	 128.749 	 136.31215453
73001 	 7.74233599 	 0.57454239 	 0.0824884 	 0.56271313 	 129.424 	 136.12238503
74001 	 7.73062369 	 0.57350297 	 0.08297927 	 0.5831113 	 130.119 	 134.83877611
75001 	 7.73365418 	 0.57432493 	 0.08309994 	 0.57786709 	 130.978 	 140.30002475
76001 	 7.70904916 	 0.57578743 	 0.08763687 	 0.58427679 	 131.837 	 137.35209179
77001 	 7.70215273 	 0.57491539 	 0.08070376 	 0.56501108 	 132.98 	 136.27231431
78001 	 7.72031843 	 0.57386198 	 0.09417909 	 0.57666056 	 133.78 	 139.88508821
79001 	 7.69591637 	 0.5759995 	 0.08375461 	 0.57117971 	 134.759 	 138.63769937
80001 	 7.70262257 	 0.57600812 	 0.08161637 	 0.5785837 	 135.261 	 137.17680359
81001 	 7.66882828 	 0.57804683 	 0.08310202 	 0.57882818 	 136.026 	 141.53446937
82001 	 7.73416822 	 0.57315004 	 0.09304527 	 0.58643615 	 137.257 	 135.42356038
83001 	 7.66981651 	 0.57773848 	 0.08547927 	 0.57431977 	 137.948 	 134.53681898
84001 	 7.69285776 	 0.57467348 	 0.08188956 	 0.58487757 	 138.242 	 138.9583323
85001 	 7.64649811 	 0.57960275 	 0.08499015 	 0.57619605 	 138.927 	 135.60211849
86001 	 7.6908854 	 0.57644502 	 0.08215094 	 0.58186115 	 140.041 	 137.72399807
87001 	 7.68531555 	 0.57570096 	 0.08263571 	 0.58880793 	 140.5 	 136.75673485
88001 	 7.65416022 	 0.57703534 	 0.08180752 	 0.5864901 	 140.901 	 136.32882977
89001 	 7.66864491 	 0.57822944 	 0.08013879 	 0.58755714 	 142.149 	 135.09095383
90001 	 7.66544121 	 0.57710374 	 0.08140169 	 0.59098512 	 142.857 	 134.08686686
91001 	 7.65219599 	 0.58057885 	 0.08310507 	 0.58901587 	 143.952 	 135.47721624
92001 	 7.68026449 	 0.57784553 	 0.08336313 	 0.58498327 	 144.492 	 140.7147131
93001 	 7.66185666 	 0.5783512 	 0.07846557 	 0.59234068 	 145.296 	 134.35518217
94001 	 7.6395028 	 0.58051522 	 0.07977113 	 0.58204985 	 146.065 	 135.04080892
95001 	 7.63595616 	 0.58082301 	 0.08156293 	 0.57811244 	 147.213 	 132.86992788
96001 	 7.61998329 	 0.58148664 	 0.08312063 	 0.59018456 	 147.929 	 145.04357243
97001 	 7.68362365 	 0.5764058 	 0.07853932 	 0.59783402 	 148.609 	 135.80319166

98001 	 7.66231827 	 0.57783762 	 0.07984687 	 0.58590637 	 148.901 	 135.32474732
99001 	 7.64612275 	 0.58011314 	 0.08456636 	 0.58282792 	 149.921 	 136.65179276

TRAINING DONE

